total_investment_cost = 6.479934666644051e7
total_operational_cost = 5.1788889401731625e7
runtime = 57.0014075
