total_investment_cost = 4.81808719779909e7
total_operational_cost = 3.8881491909533575e7
total_cost = 8.706236388752449e7
runtime = 38.9950877
