total_investment_cost = 4.22455100001615e7
total_operational_cost = 2.6996079343546644e7
runtime = 60.6245773
