total_investment_cost = 4.238001788353335e7
total_operational_cost = 2.7194991823976386e7
runtime = 113.0345582
