total_investment_cost = 4.2251550000161484e7
total_operational_cost = 2.6991338083361685e7
runtime = 49.383781
