total_investment_cost = 3.703965333334649e7
total_operational_cost = 1.577791151188265e7
runtime = 1.9190024
