total_investment_cost = 3.9774713333404e7
total_operational_cost = 2.1001154295478076e7
runtime = 12.0269789
