total_investment_cost = 3.782129333337198e7
total_operational_cost = 2.455646102822142e7
runtime = 103.1048591
