total_investment_cost = 3.822588000024e7
total_operational_cost = 2.3715562964878526e7
total_cost = 6.194144296511853e7
runtime = 13.6749689
