total_investment_cost = 5.1473799999923e7
total_operational_cost = 3.905672436084485e7
runtime = 53.5935597
