total_investment_cost = 4.85211500000215e7
total_operational_cost = 3.771623173641827e7
runtime = 68.2478873
