total_investment_cost = 5.3487963333341986e7
total_operational_cost = 3.706617811465794e7
runtime = 65.3958655
