total_investment_cost = 4.6769533333413996e7
total_operational_cost = 3.55696128030583e7
runtime = 80.1450765
