total_investment_cost = 4.2718240000003494e7
total_operational_cost = 2.8305406510548245e7
runtime = 183.7301869
