total_investment_cost = 5.33765100000225e7
total_operational_cost = 4.045504999040418e7
runtime = 1572.7032469
