total_investment_cost = 5.03814833335995e7
total_operational_cost = 4.096366308282681e7
runtime = 67.6381072
