total_investment_cost = 5.3449653333345495e7
total_operational_cost = 3.709794614008686e7
runtime = 86.2313751
