total_investment_cost = 3.703965333334649e7
total_operational_cost = 1.5778391254191637e7
runtime = 2.7115942
