total_investment_cost = 32499.9999975
total_operational_cost = 11607.0
total_cost = 44106.999997499996
runtime = 0.0067531
