total_investment_cost = 5.3349060000028e7
total_operational_cost = 4.048171544691481e7
runtime = 1350.197369
