total_investment_cost = 5.348432666669701e7
total_operational_cost = 4.035689698785389e7
runtime = 1333.6394077
