total_investment_cost = 3.683824666684648e7
total_operational_cost = 2.3221082026185773e7
runtime = 9.193837
