total_investment_cost = 3.71106600000135e7
total_operational_cost = 1.5710000093149275e7
runtime = 2.1790235
