total_investment_cost = 102600.0
total_operational_cost = 6131.990083306676
total_cost = 108731.99008330668
runtime = 0.006421
