total_investment_cost = 6.2385176666449495e7
total_operational_cost = 4.507446205028653e7
runtime = 78.7968583

total_investment_cost = 6.2385176666449495e7
total_operational_cost = 4.507446205028653e7
runtime = 71.7753504
