total_investment_cost = 5.092871666680451e7
total_operational_cost = 3.562438236520499e7
runtime = 72.5102255
